TARLINK-1008           
1 44714U 19074B   25196.91284480  .00000621  00000+0  60624-4 0  9990
2 44714  53.0548 169.5526 0001259  75.1849 284.9279 15.06388976313069
STARLINK-1010           
1 44716U 19074D   25197.25234345  .00030842  00000+0  38661-3 0  9998
2 44716  53.0541 146.8436 0000883  96.1294 263.9818 15.59508662313566
STARLINK-1011           
1 44717U 19074E   25196.71933280  .00000968  00000+0  83874-4 0  9996
2 44717  53.0536 190.4196 0001232  66.2823 293.8295 15.06384368312752
STARLINK-1012           
1 44718U 19074F   25196.62533733 -.00000096  00000+0  12470-4 0  9993
2 44718  53.0546 170.8430 0001342  83.2667 276.8475 15.06393748313017
STARLINK-1013           
1 44719U 19074G   25197.25002315  .00197392  00000+0  87405-3 0  9995
2 44719  53.0467 136.5754 0008125  44.3971  90.9523 15.83307426313719
STARLINK-1015           
1 44721U 19074J   25197.12746917  .00127413  00000+0  10284-2 0  9994
2 44721  53.0535 141.8541 0009197  41.3354 318.8357 15.69940011313638
STARLINK-1017           
1 44723U 19074L   25196.64016391  .00018444  00000+0  12092-2 0  9990
2 44723  53.0533 170.5851 0002684  34.4226 325.6937 15.07744740313022
STARLINK-1019           
1 44724U 19074M   25196.62166327  .00001478  00000+0  11809-3 0  9999
2 44724  53.0544 170.8582 0001510  90.7078 269.4084 15.06397818313012
STARLINK-1020           
1 44725U 19074N   25197.35699302 -.00000912  00000+0 -42369-4 0  9995
2 44725  53.0535 187.5581 0001171  84.6524 275.4598 15.06381763313017
STARLINK-1021           
1 44726U 19074P   25197.11467145  .00118252  00000+0  11045-2 0  9998
2 44726  53.0495 145.5686 0009848  41.4977 318.6784 15.66394736313584
STARLINK-1029           
1 44734U 19074X   25197.33976551  .00104753  00000+0  11479-2 0  9999
2 44734  53.0557  66.1759 0000934 169.1790 190.9243 15.62467061314691
STARLINK-1030           
1 44735U 19074Y   25197.25002315  .00153103  00000+0  10960-2 0  9996
2 44735  53.0486 165.3529 0008785  27.2643  93.1533 15.72708982313318
STARLINK-1031           
1 44736U 19074Z   25197.35410821  .00032612  00000+0  11481-2 0  9993
2 44736  53.0595 179.7466 0005792   7.7453 352.3634 15.29039510313134